Dji rmse: 0.014301682926539423
GSPC: 0.010386713931766193
IXIC: 0.012761118913856612

One-step:
n225: 0.015313326346839877
DJI:  0.008084197219889932 (NATIVE)
GSPC: 0.011719513027473457
IXIC: 0.009785826784543322

